kinematics:
  shoulder:
    x: 0
    y: 0
    z: 0.1625549906168524
    roll: -0
    pitch: 0
    yaw: -1.78047997697597e-07
  upper_arm:
    x: 0.0001609221941316249
    y: 0
    z: 0
    roll: 1.569756005521725
    pitch: 0
    yaw: -2.891649602636081e-06
  forearm:
    x: -0.4255508271532223
    y: 0
    z: 0
    roll: 0.002184908954805286
    pitch: 0.001824110317918669
    yaw: -5.109485321924419e-06
  wrist_1:
    x: -0.3927297294088092
    y: -0.0009169420023948954
    z: 0.1337204403142214
    roll: 0.006857049146156109
    pitch: -0.0009372995457260894
    yaw: 1.250772191763886e-05
  wrist_2:
    x: 1.692542195939408e-05
    y: -0.09969602369388367
    z: 0.0001010510517530622
    roll: 1.569782735546184
    pitch: 0
    yaw: 1.798592117609581e-06
  wrist_3:
    x: -1.601257425673826e-05
    y: 0.09965007733091248
    z: 2.45720128733852e-05
    roll: 1.571042909768372
    pitch: 3.141592653589793
    yaw: 3.14159258558925
  hash: calib_12980396465883721249